0 380 21 421 22 382 1 360 381
1 382 22 422 23 384 2 361 383
2 384 23 423 24 386 3 362 385
3 386 24 424 25 388 4 363 387
4 388 25 425 26 390 5 364 389
5 390 26 426 27 392 6 365 391
6 392 27 427 28 394 7 366 393
7 394 28 428 29 396 8 367 395
8 396 29 429 30 398 9 368 397
9 398 30 430 31 400 10 369 399
10 400 31 431 32 402 11 370 401
11 402 32 432 33 404 12 371 403
12 404 33 433 34 406 13 372 405
13 406 34 434 35 408 14 373 407
14 408 35 435 36 410 15 374 409
15 410 36 436 37 412 16 375 411
16 412 37 437 38 414 17 376 413
17 414 38 438 39 416 18 377 415
18 416 39 439 40 418 19 378 417
19 418 40 440 41 420 20 379 419
21 441 42 482 43 443 22 421 442
22 443 43 483 44 445 23 422 444
23 445 44 484 45 447 24 423 446
24 447 45 485 46 449 25 424 448
25 449 46 486 47 451 26 425 450
26 451 47 487 48 453 27 426 452
27 453 48 488 49 455 28 427 454
28 455 49 489 50 457 29 428 456
29 457 50 490 51 459 30 429 458
30 459 51 491 52 461 31 430 460
31 461 52 492 53 463 32 431 462
32 463 53 493 54 465 33 432 464
33 465 54 494 55 467 34 433 466
34 467 55 495 56 469 35 434 468
35 469 56 496 57 471 36 435 470
36 471 57 497 58 473 37 436 472
37 473 58 498 59 475 38 437 474
38 475 59 499 60 477 39 438 476
39 477 60 500 61 479 40 439 478
40 479 61 501 62 481 41 440 480
42 502 63 543 64 504 43 482 503
43 504 64 544 65 506 44 483 505
44 506 65 545 66 508 45 484 507
45 508 66 546 67 510 46 485 509
46 510 67 547 68 512 47 486 511
47 512 68 548 69 514 48 487 513
48 514 69 549 70 516 49 488 515
49 516 70 550 71 518 50 489 517
50 518 71 551 72 520 51 490 519
51 520 72 552 73 522 52 491 521
52 522 73 553 74 524 53 492 523
53 524 74 554 75 526 54 493 525
54 526 75 555 76 528 55 494 527
55 528 76 556 77 530 56 495 529
56 530 77 557 78 532 57 496 531
57 532 78 558 79 534 58 497 533
58 534 79 559 80 536 59 498 535
59 536 80 560 81 538 60 499 537
60 538 81 561 82 540 61 500 539
61 540 82 562 83 542 62 501 541
63 563 84 604 85 565 64 543 564
64 565 85 605 86 567 65 544 566
65 567 86 606 87 569 66 545 568
66 569 87 607 88 571 67 546 570
67 571 88 608 89 573 68 547 572
68 573 89 609 90 575 69 548 574
69 575 90 610 91 577 70 549 576
70 577 91 611 92 579 71 550 578
71 579 92 612 93 581 72 551 580
72 581 93 613 94 583 73 552 582
73 583 94 614 95 585 74 553 584
74 585 95 615 96 587 75 554 586
75 587 96 616 97 589 76 555 588
76 589 97 617 98 591 77 556 590
77 591 98 618 99 593 78 557 592
78 593 99 619 100 595 79 558 594
79 595 100 620 101 597 80 559 596
80 597 101 621 102 599 81 560 598
81 599 102 622 103 601 82 561 600
82 601 103 623 104 603 83 562 602
84 624 105 665 106 626 85 604 625
85 626 106 666 107 628 86 605 627
86 628 107 667 108 630 87 606 629
87 630 108 668 109 632 88 607 631
88 632 109 669 110 634 89 608 633
89 634 110 670 111 636 90 609 635
90 636 111 671 112 638 91 610 637
91 638 112 672 113 640 92 611 639
92 640 113 673 114 642 93 612 641
93 642 114 674 115 644 94 613 643
94 644 115 675 116 646 95 614 645
95 646 116 676 117 648 96 615 647
96 648 117 677 118 650 97 616 649
97 650 118 678 119 652 98 617 651
98 652 119 679 120 654 99 618 653
99 654 120 680 121 656 100 619 655
100 656 121 681 122 658 101 620 657
101 658 122 682 123 660 102 621 659
102 660 123 683 124 662 103 622 661
103 662 124 684 125 664 104 623 663
105 685 126 707 127 687 106 665 686
106 687 127 708 128 689 107 666 688
107 689 128 709 129 691 108 667 690
108 691 129 710 130 693 109 668 692
109 693 130 711 131 695 110 669 694
120 696 132 712 133 698 121 680 697
121 698 133 713 134 700 122 681 699
122 700 134 714 135 702 123 682 701
123 702 135 715 136 704 124 683 703
124 704 136 716 137 706 125 684 705
126 717 138 739 139 719 127 707 718
127 719 139 740 140 721 128 708 720
128 721 140 741 141 723 129 709 722
129 723 141 742 142 725 130 710 724
130 725 142 743 143 727 131 711 726
132 728 144 744 145 730 133 712 729
133 730 145 745 146 732 134 713 731
134 732 146 746 147 734 135 714 733
135 734 147 747 148 736 136 715 735
136 736 148 748 149 738 137 716 737
138 749 150 771 151 751 139 739 750
139 751 151 772 152 753 140 740 752
140 753 152 773 153 755 141 741 754
141 755 153 774 154 757 142 742 756
142 757 154 775 155 759 143 743 758
144 760 156 776 157 762 145 744 761
145 762 157 777 158 764 146 745 763
146 764 158 778 159 766 147 746 765
147 766 159 779 160 768 148 747 767
148 768 160 780 161 770 149 748 769
150 781 162 803 163 783 151 771 782
151 783 163 804 164 785 152 772 784
152 785 164 805 165 787 153 773 786
153 787 165 806 166 789 154 774 788
154 789 166 807 167 791 155 775 790
156 792 168 808 169 794 157 776 793
157 794 169 809 170 796 158 777 795
158 796 170 810 171 798 159 778 797
159 798 171 811 172 800 160 779 799
160 800 172 812 173 802 161 780 801
162 813 174 835 175 815 163 803 814
163 815 175 836 176 817 164 804 816
164 817 176 837 177 819 165 805 818
165 819 177 838 178 821 166 806 820
166 821 178 839 179 823 167 807 822
168 824 180 840 181 826 169 808 825
169 826 181 841 182 828 170 809 827
170 828 182 842 183 830 171 810 829
171 830 183 843 184 832 172 811 831
172 832 184 844 185 834 173 812 833
174 845 186 867 187 847 175 835 846
175 847 187 868 188 849 176 836 848
176 849 188 869 189 851 177 837 850
177 851 189 870 190 853 178 838 852
178 853 190 871 191 855 179 839 854
180 856 192 872 193 858 181 840 857
181 858 193 873 194 860 182 841 859
182 860 194 874 195 862 183 842 861
183 862 195 875 196 864 184 843 863
184 864 196 876 197 866 185 844 865
186 877 198 899 199 879 187 867 878
187 879 199 900 200 881 188 868 880
188 881 200 901 201 883 189 869 882
189 883 201 902 202 885 190 870 884
190 885 202 903 203 887 191 871 886
192 888 204 904 205 890 193 872 889
193 890 205 905 206 892 194 873 891
194 892 206 906 207 894 195 874 893
195 894 207 907 208 896 196 875 895
196 896 208 908 209 898 197 876 897
198 909 210 931 211 911 199 899 910
199 911 211 932 212 913 200 900 912
200 913 212 933 213 915 201 901 914
201 915 213 934 214 917 202 902 916
202 917 214 935 215 919 203 903 918
204 920 216 936 217 922 205 904 921
205 922 217 937 218 924 206 905 923
206 924 218 938 219 926 207 906 925
207 926 219 939 220 928 208 907 927
208 928 220 940 221 930 209 908 929
210 941 222 963 223 943 211 931 942
211 943 223 964 224 945 212 932 944
212 945 224 965 225 947 213 933 946
213 947 225 966 226 949 214 934 948
214 949 226 967 227 951 215 935 950
216 952 228 968 229 954 217 936 953
217 954 229 969 230 956 218 937 955
218 956 230 970 231 958 219 938 957
219 958 231 971 232 960 220 939 959
220 960 232 972 233 962 221 940 961
222 973 234 995 235 975 223 963 974
223 975 235 996 236 977 224 964 976
224 977 236 997 237 979 225 965 978
225 979 237 998 238 981 226 966 980
226 981 238 999 239 983 227 967 982
228 984 249 1010 250 986 229 968 985
229 986 250 1011 251 988 230 969 987
230 988 251 1012 252 990 231 970 989
231 990 252 1013 253 992 232 971 991
232 992 253 1014 254 994 233 972 993
234 1015 255 1056 256 1017 235 995 1016
235 1017 256 1057 257 1019 236 996 1018
236 1019 257 1058 258 1021 237 997 1020
237 1021 258 1059 259 1023 238 998 1022
238 1023 259 1060 260 1025 239 999 1024
239 1025 260 1061 261 1027 240 1000 1026
240 1027 261 1062 262 1029 241 1001 1028
241 1029 262 1063 263 1031 242 1002 1030
242 1031 263 1064 264 1033 243 1003 1032
243 1033 264 1065 265 1035 244 1004 1034
244 1035 265 1066 266 1037 245 1005 1036
245 1037 266 1067 267 1039 246 1006 1038
246 1039 267 1068 268 1041 247 1007 1040
247 1041 268 1069 269 1043 248 1008 1042
248 1043 269 1070 270 1045 249 1009 1044
249 1045 270 1071 271 1047 250 1010 1046
250 1047 271 1072 272 1049 251 1011 1048
251 1049 272 1073 273 1051 252 1012 1050
252 1051 273 1074 274 1053 253 1013 1052
253 1053 274 1075 275 1055 254 1014 1054
255 1076 276 1117 277 1078 256 1056 1077
256 1078 277 1118 278 1080 257 1057 1079
257 1080 278 1119 279 1082 258 1058 1081
258 1082 279 1120 280 1084 259 1059 1083
259 1084 280 1121 281 1086 260 1060 1085
260 1086 281 1122 282 1088 261 1061 1087
261 1088 282 1123 283 1090 262 1062 1089
262 1090 283 1124 284 1092 263 1063 1091
263 1092 284 1125 285 1094 264 1064 1093
264 1094 285 1126 286 1096 265 1065 1095
265 1096 286 1127 287 1098 266 1066 1097
266 1098 287 1128 288 1100 267 1067 1099
267 1100 288 1129 289 1102 268 1068 1101
268 1102 289 1130 290 1104 269 1069 1103
269 1104 290 1131 291 1106 270 1070 1105
270 1106 291 1132 292 1108 271 1071 1107
271 1108 292 1133 293 1110 272 1072 1109
272 1110 293 1134 294 1112 273 1073 1111
273 1112 294 1135 295 1114 274 1074 1113
274 1114 295 1136 296 1116 275 1075 1115
276 1137 297 1178 298 1139 277 1117 1138
277 1139 298 1179 299 1141 278 1118 1140
278 1141 299 1180 300 1143 279 1119 1142
279 1143 300 1181 301 1145 280 1120 1144
280 1145 301 1182 302 1147 281 1121 1146
281 1147 302 1183 303 1149 282 1122 1148
282 1149 303 1184 304 1151 283 1123 1150
283 1151 304 1185 305 1153 284 1124 1152
284 1153 305 1186 306 1155 285 1125 1154
285 1155 306 1187 307 1157 286 1126 1156
286 1157 307 1188 308 1159 287 1127 1158
287 1159 308 1189 309 1161 288 1128 1160
288 1161 309 1190 310 1163 289 1129 1162
289 1163 310 1191 311 1165 290 1130 1164
290 1165 311 1192 312 1167 291 1131 1166
291 1167 312 1193 313 1169 292 1132 1168
292 1169 313 1194 314 1171 293 1133 1170
293 1171 314 1195 315 1173 294 1134 1172
294 1173 315 1196 316 1175 295 1135 1174
295 1175 316 1197 317 1177 296 1136 1176
297 1198 318 1239 319 1200 298 1178 1199
298 1200 319 1240 320 1202 299 1179 1201
299 1202 320 1241 321 1204 300 1180 1203
300 1204 321 1242 322 1206 301 1181 1205
301 1206 322 1243 323 1208 302 1182 1207
302 1208 323 1244 324 1210 303 1183 1209
303 1210 324 1245 325 1212 304 1184 1211
304 1212 325 1246 326 1214 305 1185 1213
305 1214 326 1247 327 1216 306 1186 1215
306 1216 327 1248 328 1218 307 1187 1217
307 1218 328 1249 329 1220 308 1188 1219
308 1220 329 1250 330 1222 309 1189 1221
309 1222 330 1251 331 1224 310 1190 1223
310 1224 331 1252 332 1226 311 1191 1225
311 1226 332 1253 333 1228 312 1192 1227
312 1228 333 1254 334 1230 313 1193 1229
313 1230 334 1255 335 1232 314 1194 1231
314 1232 335 1256 336 1234 315 1195 1233
315 1234 336 1257 337 1236 316 1196 1235
316 1236 337 1258 338 1238 317 1197 1237
318 1259 339 1300 340 1261 319 1239 1260
319 1261 340 1301 341 1263 320 1240 1262
320 1263 341 1302 342 1265 321 1241 1264
321 1265 342 1303 343 1267 322 1242 1266
322 1267 343 1304 344 1269 323 1243 1268
323 1269 344 1305 345 1271 324 1244 1270
324 1271 345 1306 346 1273 325 1245 1272
325 1273 346 1307 347 1275 326 1246 1274
326 1275 347 1308 348 1277 327 1247 1276
327 1277 348 1309 349 1279 328 1248 1278
328 1279 349 1310 350 1281 329 1249 1280
329 1281 350 1311 351 1283 330 1250 1282
330 1283 351 1312 352 1285 331 1251 1284
331 1285 352 1313 353 1287 332 1252 1286
332 1287 353 1314 354 1289 333 1253 1288
333 1289 354 1315 355 1291 334 1254 1290
334 1291 355 1316 356 1293 335 1255 1292
335 1293 356 1317 357 1295 336 1256 1294
336 1295 357 1318 358 1297 337 1257 1296
337 1297 358 1319 359 1299 338 1258 1298
