0 21 22 1
1 22 23 2
2 23 24 3
3 24 25 4
4 25 26 5
5 26 27 6
6 27 28 7
7 28 29 8
8 29 30 9
9 30 31 10
10 31 32 11
11 32 33 12
12 33 34 13
13 34 35 14
14 35 36 15
15 36 37 16
16 37 38 17
17 38 39 18
18 39 40 19
19 40 41 20
21 42 43 22
22 43 44 23
23 44 45 24
24 45 46 25
25 46 47 26
26 47 48 27
27 48 49 28
28 49 50 29
29 50 51 30
30 51 52 31
31 52 53 32
32 53 54 33
33 54 55 34
34 55 56 35
35 56 57 36
36 57 58 37
37 58 59 38
38 59 60 39
39 60 61 40
40 61 62 41
42 63 64 43
43 64 65 44
44 65 66 45
45 66 67 46
46 67 68 47
47 68 69 48
48 69 70 49
49 70 71 50
50 71 72 51
51 72 73 52
52 73 74 53
53 74 75 54
54 75 76 55
55 76 77 56
56 77 78 57
57 78 79 58
58 79 80 59
59 80 81 60
60 81 82 61
61 82 83 62
63 84 85 64
64 85 86 65
65 86 87 66
66 87 88 67
67 88 89 68
68 89 90 69
69 90 91 70
70 91 92 71
71 92 93 72
72 93 94 73
73 94 95 74
74 95 96 75
75 96 97 76
76 97 98 77
77 98 99 78
78 99 100 79
79 100 101 80
80 101 102 81
81 102 103 82
82 103 104 83
84 105 106 85
85 106 107 86
86 107 108 87
87 108 109 88
88 109 110 89
89 110 111 90
90 111 112 91
91 112 113 92
92 113 114 93
93 114 115 94
94 115 116 95
95 116 117 96
96 117 118 97
97 118 119 98
98 119 120 99
99 120 121 100
100 121 122 101
101 122 123 102
102 123 124 103
103 124 125 104
105 126 127 106
106 127 128 107
107 128 129 108
108 129 130 109
109 130 131 110
120 132 133 121
121 133 134 122
122 134 135 123
123 135 136 124
124 136 137 125
126 138 139 127
127 139 140 128
128 140 141 129
129 141 142 130
130 142 143 131
132 144 145 133
133 145 146 134
134 146 147 135
135 147 148 136
136 148 149 137
138 150 151 139
139 151 152 140
140 152 153 141
141 153 154 142
142 154 155 143
144 156 157 145
145 157 158 146
146 158 159 147
147 159 160 148
148 160 161 149
150 162 163 151
151 163 164 152
152 164 165 153
153 165 166 154
154 166 167 155
156 168 169 157
157 169 170 158
158 170 171 159
159 171 172 160
160 172 173 161
162 174 175 163
163 175 176 164
164 176 177 165
165 177 178 166
166 178 179 167
168 180 181 169
169 181 182 170
170 182 183 171
171 183 184 172
172 184 185 173
174 186 187 175
175 187 188 176
176 188 189 177
177 189 190 178
178 190 191 179
180 192 193 181
181 193 194 182
182 194 195 183
183 195 196 184
184 196 197 185
186 198 199 187
187 199 200 188
188 200 201 189
189 201 202 190
190 202 203 191
192 204 205 193
193 205 206 194
194 206 207 195
195 207 208 196
196 208 209 197
198 210 211 199
199 211 212 200
200 212 213 201
201 213 214 202
202 214 215 203
204 216 217 205
205 217 218 206
206 218 219 207
207 219 220 208
208 220 221 209
210 222 223 211
211 223 224 212
212 224 225 213
213 225 226 214
214 226 227 215
216 228 229 217
217 229 230 218
218 230 231 219
219 231 232 220
220 232 233 221
222 234 235 223
223 235 236 224
224 236 237 225
225 237 238 226
226 238 239 227
228 249 250 229
229 250 251 230
230 251 252 231
231 252 253 232
232 253 254 233
234 255 256 235
235 256 257 236
236 257 258 237
237 258 259 238
238 259 260 239
239 260 261 240
240 261 262 241
241 262 263 242
242 263 264 243
243 264 265 244
244 265 266 245
245 266 267 246
246 267 268 247
247 268 269 248
248 269 270 249
249 270 271 250
250 271 272 251
251 272 273 252
252 273 274 253
253 274 275 254
255 276 277 256
256 277 278 257
257 278 279 258
258 279 280 259
259 280 281 260
260 281 282 261
261 282 283 262
262 283 284 263
263 284 285 264
264 285 286 265
265 286 287 266
266 287 288 267
267 288 289 268
268 289 290 269
269 290 291 270
270 291 292 271
271 292 293 272
272 293 294 273
273 294 295 274
274 295 296 275
276 297 298 277
277 298 299 278
278 299 300 279
279 300 301 280
280 301 302 281
281 302 303 282
282 303 304 283
283 304 305 284
284 305 306 285
285 306 307 286
286 307 308 287
287 308 309 288
288 309 310 289
289 310 311 290
290 311 312 291
291 312 313 292
292 313 314 293
293 314 315 294
294 315 316 295
295 316 317 296
297 318 319 298
298 319 320 299
299 320 321 300
300 321 322 301
301 322 323 302
302 323 324 303
303 324 325 304
304 325 326 305
305 326 327 306
306 327 328 307
307 328 329 308
308 329 330 309
309 330 331 310
310 331 332 311
311 332 333 312
312 333 334 313
313 334 335 314
314 335 336 315
315 336 337 316
316 337 338 317
318 339 340 319
319 340 341 320
320 341 342 321
321 342 343 322
322 343 344 323
323 344 345 324
324 345 346 325
325 346 347 326
326 347 348 327
327 348 349 328
328 349 350 329
329 350 351 330
330 351 352 331
331 352 353 332
332 353 354 333
333 354 355 334
334 355 356 335
335 356 357 336
336 357 358 337
337 358 359 338
