-0.20000000 -0.20000000
-0.20000000 -0.18000000
-0.20000000 -0.16000000
-0.20000000 -0.14000000
-0.20000000 -0.12000000
-0.20000000 -0.10000000
-0.20000000 -0.08000000
-0.20000000 -0.06000000
-0.20000000 -0.04000000
-0.20000000 -0.02000000
-0.20000000 0.00000000
-0.20000000 0.02000000
-0.20000000 0.04000000
-0.20000000 0.06000000
-0.20000000 0.08000000
-0.20000000 0.10000000
-0.20000000 0.12000000
-0.20000000 0.14000000
-0.20000000 0.16000000
-0.20000000 0.18000000
-0.20000000 0.20000000
-0.18000000 -0.20000000
-0.18000000 -0.18000000
-0.18000000 -0.16000000
-0.18000000 -0.14000000
-0.18000000 -0.12000000
-0.18000000 -0.10000000
-0.18000000 -0.08000000
-0.18000000 -0.06000000
-0.18000000 -0.04000000
-0.18000000 -0.02000000
-0.18000000 0.00000000
-0.18000000 0.02000000
-0.18000000 0.04000000
-0.18000000 0.06000000
-0.18000000 0.08000000
-0.18000000 0.10000000
-0.18000000 0.12000000
-0.18000000 0.14000000
-0.18000000 0.16000000
-0.18000000 0.18000000
-0.18000000 0.20000000
-0.16000000 -0.20000000
-0.16000000 -0.18000000
-0.16000000 -0.16000000
-0.16000000 -0.14000000
-0.16000000 -0.12000000
-0.16000000 -0.10000000
-0.16000000 -0.08000000
-0.16000000 -0.06000000
-0.16000000 -0.04000000
-0.16000000 -0.02000000
-0.16000000 0.00000000
-0.16000000 0.02000000
-0.16000000 0.04000000
-0.16000000 0.06000000
-0.16000000 0.08000000
-0.16000000 0.10000000
-0.16000000 0.12000000
-0.16000000 0.14000000
-0.16000000 0.16000000
-0.16000000 0.18000000
-0.16000000 0.20000000
-0.14000000 -0.20000000
-0.14000000 -0.18000000
-0.14000000 -0.16000000
-0.14000000 -0.14000000
-0.14000000 -0.12000000
-0.14000000 -0.10000000
-0.14000000 -0.08000000
-0.14000000 -0.06000000
-0.14000000 -0.04000000
-0.14000000 -0.02000000
-0.14000000 0.00000000
-0.14000000 0.02000000
-0.14000000 0.04000000
-0.14000000 0.06000000
-0.14000000 0.08000000
-0.14000000 0.10000000
-0.14000000 0.12000000
-0.14000000 0.14000000
-0.14000000 0.16000000
-0.14000000 0.18000000
-0.14000000 0.20000000
-0.12000000 -0.20000000
-0.12000000 -0.18000000
-0.12000000 -0.16000000
-0.12000000 -0.14000000
-0.12000000 -0.12000000
-0.12000000 -0.10000000
-0.12000000 -0.08000000
-0.12000000 -0.06000000
-0.12000000 -0.04000000
-0.12000000 -0.02000000
-0.12000000 0.00000000
-0.12000000 0.02000000
-0.12000000 0.04000000
-0.12000000 0.06000000
-0.12000000 0.08000000
-0.12000000 0.10000000
-0.12000000 0.12000000
-0.12000000 0.14000000
-0.12000000 0.16000000
-0.12000000 0.18000000
-0.12000000 0.20000000
-0.10000000 -0.20000000
-0.10000000 -0.18000000
-0.10000000 -0.16000000
-0.10000000 -0.14000000
-0.10000000 -0.12000000
-0.10000000 -0.10000000
-0.10000000 -0.08000000
-0.10000000 -0.06000000
-0.10000000 -0.04000000
-0.10000000 -0.02000000
-0.10000000 0.00000000
-0.10000000 0.02000000
-0.10000000 0.04000000
-0.10000000 0.06000000
-0.10000000 0.08000000
-0.10000000 0.10000000
-0.10000000 0.12000000
-0.10000000 0.14000000
-0.10000000 0.16000000
-0.10000000 0.18000000
-0.10000000 0.20000000
-0.08000000 -0.20000000
-0.08000000 -0.18000000
-0.08000000 -0.16000000
-0.08000000 -0.14000000
-0.08000000 -0.12000000
-0.08000000 -0.10000000
-0.08000000 0.10000000
-0.08000000 0.12000000
-0.08000000 0.14000000
-0.08000000 0.16000000
-0.08000000 0.18000000
-0.08000000 0.20000000
-0.06000000 -0.20000000
-0.06000000 -0.18000000
-0.06000000 -0.16000000
-0.06000000 -0.14000000
-0.06000000 -0.12000000
-0.06000000 -0.10000000
-0.06000000 0.10000000
-0.06000000 0.12000000
-0.06000000 0.14000000
-0.06000000 0.16000000
-0.06000000 0.18000000
-0.06000000 0.20000000
-0.04000000 -0.20000000
-0.04000000 -0.18000000
-0.04000000 -0.16000000
-0.04000000 -0.14000000
-0.04000000 -0.12000000
-0.04000000 -0.10000000
-0.04000000 0.10000000
-0.04000000 0.12000000
-0.04000000 0.14000000
-0.04000000 0.16000000
-0.04000000 0.18000000
-0.04000000 0.20000000
-0.02000000 -0.20000000
-0.02000000 -0.18000000
-0.02000000 -0.16000000
-0.02000000 -0.14000000
-0.02000000 -0.12000000
-0.02000000 -0.10000000
-0.02000000 0.10000000
-0.02000000 0.12000000
-0.02000000 0.14000000
-0.02000000 0.16000000
-0.02000000 0.18000000
-0.02000000 0.20000000
0.00000000 -0.20000000
0.00000000 -0.18000000
0.00000000 -0.16000000
0.00000000 -0.14000000
0.00000000 -0.12000000
0.00000000 -0.10000000
0.00000000 0.10000000
0.00000000 0.12000000
0.00000000 0.14000000
0.00000000 0.16000000
0.00000000 0.18000000
0.00000000 0.20000000
0.02000000 -0.20000000
0.02000000 -0.18000000
0.02000000 -0.16000000
0.02000000 -0.14000000
0.02000000 -0.12000000
0.02000000 -0.10000000
0.02000000 0.10000000
0.02000000 0.12000000
0.02000000 0.14000000
0.02000000 0.16000000
0.02000000 0.18000000
0.02000000 0.20000000
0.04000000 -0.20000000
0.04000000 -0.18000000
0.04000000 -0.16000000
0.04000000 -0.14000000
0.04000000 -0.12000000
0.04000000 -0.10000000
0.04000000 0.10000000
0.04000000 0.12000000
0.04000000 0.14000000
0.04000000 0.16000000
0.04000000 0.18000000
0.04000000 0.20000000
0.06000000 -0.20000000
0.06000000 -0.18000000
0.06000000 -0.16000000
0.06000000 -0.14000000
0.06000000 -0.12000000
0.06000000 -0.10000000
0.06000000 0.10000000
0.06000000 0.12000000
0.06000000 0.14000000
0.06000000 0.16000000
0.06000000 0.18000000
0.06000000 0.20000000
0.08000000 -0.20000000
0.08000000 -0.18000000
0.08000000 -0.16000000
0.08000000 -0.14000000
0.08000000 -0.12000000
0.08000000 -0.10000000
0.08000000 0.10000000
0.08000000 0.12000000
0.08000000 0.14000000
0.08000000 0.16000000
0.08000000 0.18000000
0.08000000 0.20000000
0.10000000 -0.20000000
0.10000000 -0.18000000
0.10000000 -0.16000000
0.10000000 -0.14000000
0.10000000 -0.12000000
0.10000000 -0.10000000
0.10000000 -0.08000000
0.10000000 -0.06000000
0.10000000 -0.04000000
0.10000000 -0.02000000
0.10000000 0.00000000
0.10000000 0.02000000
0.10000000 0.04000000
0.10000000 0.06000000
0.10000000 0.08000000
0.10000000 0.10000000
0.10000000 0.12000000
0.10000000 0.14000000
0.10000000 0.16000000
0.10000000 0.18000000
0.10000000 0.20000000
0.12000000 -0.20000000
0.12000000 -0.18000000
0.12000000 -0.16000000
0.12000000 -0.14000000
0.12000000 -0.12000000
0.12000000 -0.10000000
0.12000000 -0.08000000
0.12000000 -0.06000000
0.12000000 -0.04000000
0.12000000 -0.02000000
0.12000000 0.00000000
0.12000000 0.02000000
0.12000000 0.04000000
0.12000000 0.06000000
0.12000000 0.08000000
0.12000000 0.10000000
0.12000000 0.12000000
0.12000000 0.14000000
0.12000000 0.16000000
0.12000000 0.18000000
0.12000000 0.20000000
0.14000000 -0.20000000
0.14000000 -0.18000000
0.14000000 -0.16000000
0.14000000 -0.14000000
0.14000000 -0.12000000
0.14000000 -0.10000000
0.14000000 -0.08000000
0.14000000 -0.06000000
0.14000000 -0.04000000
0.14000000 -0.02000000
0.14000000 0.00000000
0.14000000 0.02000000
0.14000000 0.04000000
0.14000000 0.06000000
0.14000000 0.08000000
0.14000000 0.10000000
0.14000000 0.12000000
0.14000000 0.14000000
0.14000000 0.16000000
0.14000000 0.18000000
0.14000000 0.20000000
0.16000000 -0.20000000
0.16000000 -0.18000000
0.16000000 -0.16000000
0.16000000 -0.14000000
0.16000000 -0.12000000
0.16000000 -0.10000000
0.16000000 -0.08000000
0.16000000 -0.06000000
0.16000000 -0.04000000
0.16000000 -0.02000000
0.16000000 0.00000000
0.16000000 0.02000000
0.16000000 0.04000000
0.16000000 0.06000000
0.16000000 0.08000000
0.16000000 0.10000000
0.16000000 0.12000000
0.16000000 0.14000000
0.16000000 0.16000000
0.16000000 0.18000000
0.16000000 0.20000000
0.18000000 -0.20000000
0.18000000 -0.18000000
0.18000000 -0.16000000
0.18000000 -0.14000000
0.18000000 -0.12000000
0.18000000 -0.10000000
0.18000000 -0.08000000
0.18000000 -0.06000000
0.18000000 -0.04000000
0.18000000 -0.02000000
0.18000000 0.00000000
0.18000000 0.02000000
0.18000000 0.04000000
0.18000000 0.06000000
0.18000000 0.08000000
0.18000000 0.10000000
0.18000000 0.12000000
0.18000000 0.14000000
0.18000000 0.16000000
0.18000000 0.18000000
0.18000000 0.20000000
0.20000000 -0.20000000
0.20000000 -0.18000000
0.20000000 -0.16000000
0.20000000 -0.14000000
0.20000000 -0.12000000
0.20000000 -0.10000000
0.20000000 -0.08000000
0.20000000 -0.06000000
0.20000000 -0.04000000
0.20000000 -0.02000000
0.20000000 0.00000000
0.20000000 0.02000000
0.20000000 0.04000000
0.20000000 0.06000000
0.20000000 0.08000000
0.20000000 0.10000000
0.20000000 0.12000000
0.20000000 0.14000000
0.20000000 0.16000000
0.20000000 0.18000000
0.20000000 0.20000000
-0.20000000 -0.19000000
-0.20000000 -0.17000000
-0.20000000 -0.15000000
-0.20000000 -0.13000000
-0.20000000 -0.11000000
-0.20000000 -0.09000000
-0.20000000 -0.07000000
-0.20000000 -0.05000000
-0.20000000 -0.03000000
-0.20000000 -0.01000000
-0.20000000 0.01000000
-0.20000000 0.03000000
-0.20000000 0.05000000
-0.20000000 0.07000000
-0.20000000 0.09000000
-0.20000000 0.11000000
-0.20000000 0.13000000
-0.20000000 0.15000000
-0.20000000 0.17000000
-0.20000000 0.19000000
-0.19000000 -0.20000000
-0.19000000 -0.19000000
-0.19000000 -0.18000000
-0.19000000 -0.17000000
-0.19000000 -0.16000000
-0.19000000 -0.15000000
-0.19000000 -0.14000000
-0.19000000 -0.13000000
-0.19000000 -0.12000000
-0.19000000 -0.11000000
-0.19000000 -0.10000000
-0.19000000 -0.09000000
-0.19000000 -0.08000000
-0.19000000 -0.07000000
-0.19000000 -0.06000000
-0.19000000 -0.05000000
-0.19000000 -0.04000000
-0.19000000 -0.03000000
-0.19000000 -0.02000000
-0.19000000 -0.01000000
-0.19000000 0.00000000
-0.19000000 0.01000000
-0.19000000 0.02000000
-0.19000000 0.03000000
-0.19000000 0.04000000
-0.19000000 0.05000000
-0.19000000 0.06000000
-0.19000000 0.07000000
-0.19000000 0.08000000
-0.19000000 0.09000000
-0.19000000 0.10000000
-0.19000000 0.11000000
-0.19000000 0.12000000
-0.19000000 0.13000000
-0.19000000 0.14000000
-0.19000000 0.15000000
-0.19000000 0.16000000
-0.19000000 0.17000000
-0.19000000 0.18000000
-0.19000000 0.19000000
-0.19000000 0.20000000
-0.18000000 -0.19000000
-0.18000000 -0.17000000
-0.18000000 -0.15000000
-0.18000000 -0.13000000
-0.18000000 -0.11000000
-0.18000000 -0.09000000
-0.18000000 -0.07000000
-0.18000000 -0.05000000
-0.18000000 -0.03000000
-0.18000000 -0.01000000
-0.18000000 0.01000000
-0.18000000 0.03000000
-0.18000000 0.05000000
-0.18000000 0.07000000
-0.18000000 0.09000000
-0.18000000 0.11000000
-0.18000000 0.13000000
-0.18000000 0.15000000
-0.18000000 0.17000000
-0.18000000 0.19000000
-0.17000000 -0.20000000
-0.17000000 -0.19000000
-0.17000000 -0.18000000
-0.17000000 -0.17000000
-0.17000000 -0.16000000
-0.17000000 -0.15000000
-0.17000000 -0.14000000
-0.17000000 -0.13000000
-0.17000000 -0.12000000
-0.17000000 -0.11000000
-0.17000000 -0.10000000
-0.17000000 -0.09000000
-0.17000000 -0.08000000
-0.17000000 -0.07000000
-0.17000000 -0.06000000
-0.17000000 -0.05000000
-0.17000000 -0.04000000
-0.17000000 -0.03000000
-0.17000000 -0.02000000
-0.17000000 -0.01000000
-0.17000000 0.00000000
-0.17000000 0.01000000
-0.17000000 0.02000000
-0.17000000 0.03000000
-0.17000000 0.04000000
-0.17000000 0.05000000
-0.17000000 0.06000000
-0.17000000 0.07000000
-0.17000000 0.08000000
-0.17000000 0.09000000
-0.17000000 0.10000000
-0.17000000 0.11000000
-0.17000000 0.12000000
-0.17000000 0.13000000
-0.17000000 0.14000000
-0.17000000 0.15000000
-0.17000000 0.16000000
-0.17000000 0.17000000
-0.17000000 0.18000000
-0.17000000 0.19000000
-0.17000000 0.20000000
-0.16000000 -0.19000000
-0.16000000 -0.17000000
-0.16000000 -0.15000000
-0.16000000 -0.13000000
-0.16000000 -0.11000000
-0.16000000 -0.09000000
-0.16000000 -0.07000000
-0.16000000 -0.05000000
-0.16000000 -0.03000000
-0.16000000 -0.01000000
-0.16000000 0.01000000
-0.16000000 0.03000000
-0.16000000 0.05000000
-0.16000000 0.07000000
-0.16000000 0.09000000
-0.16000000 0.11000000
-0.16000000 0.13000000
-0.16000000 0.15000000
-0.16000000 0.17000000
-0.16000000 0.19000000
-0.15000000 -0.20000000
-0.15000000 -0.19000000
-0.15000000 -0.18000000
-0.15000000 -0.17000000
-0.15000000 -0.16000000
-0.15000000 -0.15000000
-0.15000000 -0.14000000
-0.15000000 -0.13000000
-0.15000000 -0.12000000
-0.15000000 -0.11000000
-0.15000000 -0.10000000
-0.15000000 -0.09000000
-0.15000000 -0.08000000
-0.15000000 -0.07000000
-0.15000000 -0.06000000
-0.15000000 -0.05000000
-0.15000000 -0.04000000
-0.15000000 -0.03000000
-0.15000000 -0.02000000
-0.15000000 -0.01000000
-0.15000000 0.00000000
-0.15000000 0.01000000
-0.15000000 0.02000000
-0.15000000 0.03000000
-0.15000000 0.04000000
-0.15000000 0.05000000
-0.15000000 0.06000000
-0.15000000 0.07000000
-0.15000000 0.08000000
-0.15000000 0.09000000
-0.15000000 0.10000000
-0.15000000 0.11000000
-0.15000000 0.12000000
-0.15000000 0.13000000
-0.15000000 0.14000000
-0.15000000 0.15000000
-0.15000000 0.16000000
-0.15000000 0.17000000
-0.15000000 0.18000000
-0.15000000 0.19000000
-0.15000000 0.20000000
-0.14000000 -0.19000000
-0.14000000 -0.17000000
-0.14000000 -0.15000000
-0.14000000 -0.13000000
-0.14000000 -0.11000000
-0.14000000 -0.09000000
-0.14000000 -0.07000000
-0.14000000 -0.05000000
-0.14000000 -0.03000000
-0.14000000 -0.01000000
-0.14000000 0.01000000
-0.14000000 0.03000000
-0.14000000 0.05000000
-0.14000000 0.07000000
-0.14000000 0.09000000
-0.14000000 0.11000000
-0.14000000 0.13000000
-0.14000000 0.15000000
-0.14000000 0.17000000
-0.14000000 0.19000000
-0.13000000 -0.20000000
-0.13000000 -0.19000000
-0.13000000 -0.18000000
-0.13000000 -0.17000000
-0.13000000 -0.16000000
-0.13000000 -0.15000000
-0.13000000 -0.14000000
-0.13000000 -0.13000000
-0.13000000 -0.12000000
-0.13000000 -0.11000000
-0.13000000 -0.10000000
-0.13000000 -0.09000000
-0.13000000 -0.08000000
-0.13000000 -0.07000000
-0.13000000 -0.06000000
-0.13000000 -0.05000000
-0.13000000 -0.04000000
-0.13000000 -0.03000000
-0.13000000 -0.02000000
-0.13000000 -0.01000000
-0.13000000 0.00000000
-0.13000000 0.01000000
-0.13000000 0.02000000
-0.13000000 0.03000000
-0.13000000 0.04000000
-0.13000000 0.05000000
-0.13000000 0.06000000
-0.13000000 0.07000000
-0.13000000 0.08000000
-0.13000000 0.09000000
-0.13000000 0.10000000
-0.13000000 0.11000000
-0.13000000 0.12000000
-0.13000000 0.13000000
-0.13000000 0.14000000
-0.13000000 0.15000000
-0.13000000 0.16000000
-0.13000000 0.17000000
-0.13000000 0.18000000
-0.13000000 0.19000000
-0.13000000 0.20000000
-0.12000000 -0.19000000
-0.12000000 -0.17000000
-0.12000000 -0.15000000
-0.12000000 -0.13000000
-0.12000000 -0.11000000
-0.12000000 -0.09000000
-0.12000000 -0.07000000
-0.12000000 -0.05000000
-0.12000000 -0.03000000
-0.12000000 -0.01000000
-0.12000000 0.01000000
-0.12000000 0.03000000
-0.12000000 0.05000000
-0.12000000 0.07000000
-0.12000000 0.09000000
-0.12000000 0.11000000
-0.12000000 0.13000000
-0.12000000 0.15000000
-0.12000000 0.17000000
-0.12000000 0.19000000
-0.11000000 -0.20000000
-0.11000000 -0.19000000
-0.11000000 -0.18000000
-0.11000000 -0.17000000
-0.11000000 -0.16000000
-0.11000000 -0.15000000
-0.11000000 -0.14000000
-0.11000000 -0.13000000
-0.11000000 -0.12000000
-0.11000000 -0.11000000
-0.11000000 -0.10000000
-0.11000000 -0.09000000
-0.11000000 -0.08000000
-0.11000000 -0.07000000
-0.11000000 -0.06000000
-0.11000000 -0.05000000
-0.11000000 -0.04000000
-0.11000000 -0.03000000
-0.11000000 -0.02000000
-0.11000000 -0.01000000
-0.11000000 0.00000000
-0.11000000 0.01000000
-0.11000000 0.02000000
-0.11000000 0.03000000
-0.11000000 0.04000000
-0.11000000 0.05000000
-0.11000000 0.06000000
-0.11000000 0.07000000
-0.11000000 0.08000000
-0.11000000 0.09000000
-0.11000000 0.10000000
-0.11000000 0.11000000
-0.11000000 0.12000000
-0.11000000 0.13000000
-0.11000000 0.14000000
-0.11000000 0.15000000
-0.11000000 0.16000000
-0.11000000 0.17000000
-0.11000000 0.18000000
-0.11000000 0.19000000
-0.11000000 0.20000000
-0.10000000 -0.19000000
-0.10000000 -0.17000000
-0.10000000 -0.15000000
-0.10000000 -0.13000000
-0.10000000 -0.11000000
-0.10000000 -0.09000000
-0.10000000 -0.07000000
-0.10000000 -0.05000000
-0.10000000 -0.03000000
-0.10000000 -0.01000000
-0.10000000 0.01000000
-0.10000000 0.03000000
-0.10000000 0.05000000
-0.10000000 0.07000000
-0.10000000 0.09000000
-0.10000000 0.11000000
-0.10000000 0.13000000
-0.10000000 0.15000000
-0.10000000 0.17000000
-0.10000000 0.19000000
-0.09000000 -0.20000000
-0.09000000 -0.19000000
-0.09000000 -0.18000000
-0.09000000 -0.17000000
-0.09000000 -0.16000000
-0.09000000 -0.15000000
-0.09000000 -0.14000000
-0.09000000 -0.13000000
-0.09000000 -0.12000000
-0.09000000 -0.11000000
-0.09000000 -0.10000000
-0.09000000 0.10000000
-0.09000000 0.11000000
-0.09000000 0.12000000
-0.09000000 0.13000000
-0.09000000 0.14000000
-0.09000000 0.15000000
-0.09000000 0.16000000
-0.09000000 0.17000000
-0.09000000 0.18000000
-0.09000000 0.19000000
-0.09000000 0.20000000
-0.08000000 -0.19000000
-0.08000000 -0.17000000
-0.08000000 -0.15000000
-0.08000000 -0.13000000
-0.08000000 -0.11000000
-0.08000000 0.11000000
-0.08000000 0.13000000
-0.08000000 0.15000000
-0.08000000 0.17000000
-0.08000000 0.19000000
-0.07000000 -0.20000000
-0.07000000 -0.19000000
-0.07000000 -0.18000000
-0.07000000 -0.17000000
-0.07000000 -0.16000000
-0.07000000 -0.15000000
-0.07000000 -0.14000000
-0.07000000 -0.13000000
-0.07000000 -0.12000000
-0.07000000 -0.11000000
-0.07000000 -0.10000000
-0.07000000 0.10000000
-0.07000000 0.11000000
-0.07000000 0.12000000
-0.07000000 0.13000000
-0.07000000 0.14000000
-0.07000000 0.15000000
-0.07000000 0.16000000
-0.07000000 0.17000000
-0.07000000 0.18000000
-0.07000000 0.19000000
-0.07000000 0.20000000
-0.06000000 -0.19000000
-0.06000000 -0.17000000
-0.06000000 -0.15000000
-0.06000000 -0.13000000
-0.06000000 -0.11000000
-0.06000000 0.11000000
-0.06000000 0.13000000
-0.06000000 0.15000000
-0.06000000 0.17000000
-0.06000000 0.19000000
-0.05000000 -0.20000000
-0.05000000 -0.19000000
-0.05000000 -0.18000000
-0.05000000 -0.17000000
-0.05000000 -0.16000000
-0.05000000 -0.15000000
-0.05000000 -0.14000000
-0.05000000 -0.13000000
-0.05000000 -0.12000000
-0.05000000 -0.11000000
-0.05000000 -0.10000000
-0.05000000 0.10000000
-0.05000000 0.11000000
-0.05000000 0.12000000
-0.05000000 0.13000000
-0.05000000 0.14000000
-0.05000000 0.15000000
-0.05000000 0.16000000
-0.05000000 0.17000000
-0.05000000 0.18000000
-0.05000000 0.19000000
-0.05000000 0.20000000
-0.04000000 -0.19000000
-0.04000000 -0.17000000
-0.04000000 -0.15000000
-0.04000000 -0.13000000
-0.04000000 -0.11000000
-0.04000000 0.11000000
-0.04000000 0.13000000
-0.04000000 0.15000000
-0.04000000 0.17000000
-0.04000000 0.19000000
-0.03000000 -0.20000000
-0.03000000 -0.19000000
-0.03000000 -0.18000000
-0.03000000 -0.17000000
-0.03000000 -0.16000000
-0.03000000 -0.15000000
-0.03000000 -0.14000000
-0.03000000 -0.13000000
-0.03000000 -0.12000000
-0.03000000 -0.11000000
-0.03000000 -0.10000000
-0.03000000 0.10000000
-0.03000000 0.11000000
-0.03000000 0.12000000
-0.03000000 0.13000000
-0.03000000 0.14000000
-0.03000000 0.15000000
-0.03000000 0.16000000
-0.03000000 0.17000000
-0.03000000 0.18000000
-0.03000000 0.19000000
-0.03000000 0.20000000
-0.02000000 -0.19000000
-0.02000000 -0.17000000
-0.02000000 -0.15000000
-0.02000000 -0.13000000
-0.02000000 -0.11000000
-0.02000000 0.11000000
-0.02000000 0.13000000
-0.02000000 0.15000000
-0.02000000 0.17000000
-0.02000000 0.19000000
-0.01000000 -0.20000000
-0.01000000 -0.19000000
-0.01000000 -0.18000000
-0.01000000 -0.17000000
-0.01000000 -0.16000000
-0.01000000 -0.15000000
-0.01000000 -0.14000000
-0.01000000 -0.13000000
-0.01000000 -0.12000000
-0.01000000 -0.11000000
-0.01000000 -0.10000000
-0.01000000 0.10000000
-0.01000000 0.11000000
-0.01000000 0.12000000
-0.01000000 0.13000000
-0.01000000 0.14000000
-0.01000000 0.15000000
-0.01000000 0.16000000
-0.01000000 0.17000000
-0.01000000 0.18000000
-0.01000000 0.19000000
-0.01000000 0.20000000
0.00000000 -0.19000000
0.00000000 -0.17000000
0.00000000 -0.15000000
0.00000000 -0.13000000
0.00000000 -0.11000000
0.00000000 0.11000000
0.00000000 0.13000000
0.00000000 0.15000000
0.00000000 0.17000000
0.00000000 0.19000000
0.01000000 -0.20000000
0.01000000 -0.19000000
0.01000000 -0.18000000
0.01000000 -0.17000000
0.01000000 -0.16000000
0.01000000 -0.15000000
0.01000000 -0.14000000
0.01000000 -0.13000000
0.01000000 -0.12000000
0.01000000 -0.11000000
0.01000000 -0.10000000
0.01000000 0.10000000
0.01000000 0.11000000
0.01000000 0.12000000
0.01000000 0.13000000
0.01000000 0.14000000
0.01000000 0.15000000
0.01000000 0.16000000
0.01000000 0.17000000
0.01000000 0.18000000
0.01000000 0.19000000
0.01000000 0.20000000
0.02000000 -0.19000000
0.02000000 -0.17000000
0.02000000 -0.15000000
0.02000000 -0.13000000
0.02000000 -0.11000000
0.02000000 0.11000000
0.02000000 0.13000000
0.02000000 0.15000000
0.02000000 0.17000000
0.02000000 0.19000000
0.03000000 -0.20000000
0.03000000 -0.19000000
0.03000000 -0.18000000
0.03000000 -0.17000000
0.03000000 -0.16000000
0.03000000 -0.15000000
0.03000000 -0.14000000
0.03000000 -0.13000000
0.03000000 -0.12000000
0.03000000 -0.11000000
0.03000000 -0.10000000
0.03000000 0.10000000
0.03000000 0.11000000
0.03000000 0.12000000
0.03000000 0.13000000
0.03000000 0.14000000
0.03000000 0.15000000
0.03000000 0.16000000
0.03000000 0.17000000
0.03000000 0.18000000
0.03000000 0.19000000
0.03000000 0.20000000
0.04000000 -0.19000000
0.04000000 -0.17000000
0.04000000 -0.15000000
0.04000000 -0.13000000
0.04000000 -0.11000000
0.04000000 0.11000000
0.04000000 0.13000000
0.04000000 0.15000000
0.04000000 0.17000000
0.04000000 0.19000000
0.05000000 -0.20000000
0.05000000 -0.19000000
0.05000000 -0.18000000
0.05000000 -0.17000000
0.05000000 -0.16000000
0.05000000 -0.15000000
0.05000000 -0.14000000
0.05000000 -0.13000000
0.05000000 -0.12000000
0.05000000 -0.11000000
0.05000000 -0.10000000
0.05000000 0.10000000
0.05000000 0.11000000
0.05000000 0.12000000
0.05000000 0.13000000
0.05000000 0.14000000
0.05000000 0.15000000
0.05000000 0.16000000
0.05000000 0.17000000
0.05000000 0.18000000
0.05000000 0.19000000
0.05000000 0.20000000
0.06000000 -0.19000000
0.06000000 -0.17000000
0.06000000 -0.15000000
0.06000000 -0.13000000
0.06000000 -0.11000000
0.06000000 0.11000000
0.06000000 0.13000000
0.06000000 0.15000000
0.06000000 0.17000000
0.06000000 0.19000000
0.07000000 -0.20000000
0.07000000 -0.19000000
0.07000000 -0.18000000
0.07000000 -0.17000000
0.07000000 -0.16000000
0.07000000 -0.15000000
0.07000000 -0.14000000
0.07000000 -0.13000000
0.07000000 -0.12000000
0.07000000 -0.11000000
0.07000000 -0.10000000
0.07000000 0.10000000
0.07000000 0.11000000
0.07000000 0.12000000
0.07000000 0.13000000
0.07000000 0.14000000
0.07000000 0.15000000
0.07000000 0.16000000
0.07000000 0.17000000
0.07000000 0.18000000
0.07000000 0.19000000
0.07000000 0.20000000
0.08000000 -0.19000000
0.08000000 -0.17000000
0.08000000 -0.15000000
0.08000000 -0.13000000
0.08000000 -0.11000000
0.08000000 0.11000000
0.08000000 0.13000000
0.08000000 0.15000000
0.08000000 0.17000000
0.08000000 0.19000000
0.09000000 -0.20000000
0.09000000 -0.19000000
0.09000000 -0.18000000
0.09000000 -0.17000000
0.09000000 -0.16000000
0.09000000 -0.15000000
0.09000000 -0.14000000
0.09000000 -0.13000000
0.09000000 -0.12000000
0.09000000 -0.11000000
0.09000000 -0.10000000
0.09000000 0.10000000
0.09000000 0.11000000
0.09000000 0.12000000
0.09000000 0.13000000
0.09000000 0.14000000
0.09000000 0.15000000
0.09000000 0.16000000
0.09000000 0.17000000
0.09000000 0.18000000
0.09000000 0.19000000
0.09000000 0.20000000
0.10000000 -0.19000000
0.10000000 -0.17000000
0.10000000 -0.15000000
0.10000000 -0.13000000
0.10000000 -0.11000000
0.10000000 -0.09000000
0.10000000 -0.07000000
0.10000000 -0.05000000
0.10000000 -0.03000000
0.10000000 -0.01000000
0.10000000 0.01000000
0.10000000 0.03000000
0.10000000 0.05000000
0.10000000 0.07000000
0.10000000 0.09000000
0.10000000 0.11000000
0.10000000 0.13000000
0.10000000 0.15000000
0.10000000 0.17000000
0.10000000 0.19000000
0.11000000 -0.20000000
0.11000000 -0.19000000
0.11000000 -0.18000000
0.11000000 -0.17000000
0.11000000 -0.16000000
0.11000000 -0.15000000
0.11000000 -0.14000000
0.11000000 -0.13000000
0.11000000 -0.12000000
0.11000000 -0.11000000
0.11000000 -0.10000000
0.11000000 -0.09000000
0.11000000 -0.08000000
0.11000000 -0.07000000
0.11000000 -0.06000000
0.11000000 -0.05000000
0.11000000 -0.04000000
0.11000000 -0.03000000
0.11000000 -0.02000000
0.11000000 -0.01000000
0.11000000 0.00000000
0.11000000 0.01000000
0.11000000 0.02000000
0.11000000 0.03000000
0.11000000 0.04000000
0.11000000 0.05000000
0.11000000 0.06000000
0.11000000 0.07000000
0.11000000 0.08000000
0.11000000 0.09000000
0.11000000 0.10000000
0.11000000 0.11000000
0.11000000 0.12000000
0.11000000 0.13000000
0.11000000 0.14000000
0.11000000 0.15000000
0.11000000 0.16000000
0.11000000 0.17000000
0.11000000 0.18000000
0.11000000 0.19000000
0.11000000 0.20000000
0.12000000 -0.19000000
0.12000000 -0.17000000
0.12000000 -0.15000000
0.12000000 -0.13000000
0.12000000 -0.11000000
0.12000000 -0.09000000
0.12000000 -0.07000000
0.12000000 -0.05000000
0.12000000 -0.03000000
0.12000000 -0.01000000
0.12000000 0.01000000
0.12000000 0.03000000
0.12000000 0.05000000
0.12000000 0.07000000
0.12000000 0.09000000
0.12000000 0.11000000
0.12000000 0.13000000
0.12000000 0.15000000
0.12000000 0.17000000
0.12000000 0.19000000
0.13000000 -0.20000000
0.13000000 -0.19000000
0.13000000 -0.18000000
0.13000000 -0.17000000
0.13000000 -0.16000000
0.13000000 -0.15000000
0.13000000 -0.14000000
0.13000000 -0.13000000
0.13000000 -0.12000000
0.13000000 -0.11000000
0.13000000 -0.10000000
0.13000000 -0.09000000
0.13000000 -0.08000000
0.13000000 -0.07000000
0.13000000 -0.06000000
0.13000000 -0.05000000
0.13000000 -0.04000000
0.13000000 -0.03000000
0.13000000 -0.02000000
0.13000000 -0.01000000
0.13000000 0.00000000
0.13000000 0.01000000
0.13000000 0.02000000
0.13000000 0.03000000
0.13000000 0.04000000
0.13000000 0.05000000
0.13000000 0.06000000
0.13000000 0.07000000
0.13000000 0.08000000
0.13000000 0.09000000
0.13000000 0.10000000
0.13000000 0.11000000
0.13000000 0.12000000
0.13000000 0.13000000
0.13000000 0.14000000
0.13000000 0.15000000
0.13000000 0.16000000
0.13000000 0.17000000
0.13000000 0.18000000
0.13000000 0.19000000
0.13000000 0.20000000
0.14000000 -0.19000000
0.14000000 -0.17000000
0.14000000 -0.15000000
0.14000000 -0.13000000
0.14000000 -0.11000000
0.14000000 -0.09000000
0.14000000 -0.07000000
0.14000000 -0.05000000
0.14000000 -0.03000000
0.14000000 -0.01000000
0.14000000 0.01000000
0.14000000 0.03000000
0.14000000 0.05000000
0.14000000 0.07000000
0.14000000 0.09000000
0.14000000 0.11000000
0.14000000 0.13000000
0.14000000 0.15000000
0.14000000 0.17000000
0.14000000 0.19000000
0.15000000 -0.20000000
0.15000000 -0.19000000
0.15000000 -0.18000000
0.15000000 -0.17000000
0.15000000 -0.16000000
0.15000000 -0.15000000
0.15000000 -0.14000000
0.15000000 -0.13000000
0.15000000 -0.12000000
0.15000000 -0.11000000
0.15000000 -0.10000000
0.15000000 -0.09000000
0.15000000 -0.08000000
0.15000000 -0.07000000
0.15000000 -0.06000000
0.15000000 -0.05000000
0.15000000 -0.04000000
0.15000000 -0.03000000
0.15000000 -0.02000000
0.15000000 -0.01000000
0.15000000 0.00000000
0.15000000 0.01000000
0.15000000 0.02000000
0.15000000 0.03000000
0.15000000 0.04000000
0.15000000 0.05000000
0.15000000 0.06000000
0.15000000 0.07000000
0.15000000 0.08000000
0.15000000 0.09000000
0.15000000 0.10000000
0.15000000 0.11000000
0.15000000 0.12000000
0.15000000 0.13000000
0.15000000 0.14000000
0.15000000 0.15000000
0.15000000 0.16000000
0.15000000 0.17000000
0.15000000 0.18000000
0.15000000 0.19000000
0.15000000 0.20000000
0.16000000 -0.19000000
0.16000000 -0.17000000
0.16000000 -0.15000000
0.16000000 -0.13000000
0.16000000 -0.11000000
0.16000000 -0.09000000
0.16000000 -0.07000000
0.16000000 -0.05000000
0.16000000 -0.03000000
0.16000000 -0.01000000
0.16000000 0.01000000
0.16000000 0.03000000
0.16000000 0.05000000
0.16000000 0.07000000
0.16000000 0.09000000
0.16000000 0.11000000
0.16000000 0.13000000
0.16000000 0.15000000
0.16000000 0.17000000
0.16000000 0.19000000
0.17000000 -0.20000000
0.17000000 -0.19000000
0.17000000 -0.18000000
0.17000000 -0.17000000
0.17000000 -0.16000000
0.17000000 -0.15000000
0.17000000 -0.14000000
0.17000000 -0.13000000
0.17000000 -0.12000000
0.17000000 -0.11000000
0.17000000 -0.10000000
0.17000000 -0.09000000
0.17000000 -0.08000000
0.17000000 -0.07000000
0.17000000 -0.06000000
0.17000000 -0.05000000
0.17000000 -0.04000000
0.17000000 -0.03000000
0.17000000 -0.02000000
0.17000000 -0.01000000
0.17000000 0.00000000
0.17000000 0.01000000
0.17000000 0.02000000
0.17000000 0.03000000
0.17000000 0.04000000
0.17000000 0.05000000
0.17000000 0.06000000
0.17000000 0.07000000
0.17000000 0.08000000
0.17000000 0.09000000
0.17000000 0.10000000
0.17000000 0.11000000
0.17000000 0.12000000
0.17000000 0.13000000
0.17000000 0.14000000
0.17000000 0.15000000
0.17000000 0.16000000
0.17000000 0.17000000
0.17000000 0.18000000
0.17000000 0.19000000
0.17000000 0.20000000
0.18000000 -0.19000000
0.18000000 -0.17000000
0.18000000 -0.15000000
0.18000000 -0.13000000
0.18000000 -0.11000000
0.18000000 -0.09000000
0.18000000 -0.07000000
0.18000000 -0.05000000
0.18000000 -0.03000000
0.18000000 -0.01000000
0.18000000 0.01000000
0.18000000 0.03000000
0.18000000 0.05000000
0.18000000 0.07000000
0.18000000 0.09000000
0.18000000 0.11000000
0.18000000 0.13000000
0.18000000 0.15000000
0.18000000 0.17000000
0.18000000 0.19000000
0.19000000 -0.20000000
0.19000000 -0.19000000
0.19000000 -0.18000000
0.19000000 -0.17000000
0.19000000 -0.16000000
0.19000000 -0.15000000
0.19000000 -0.14000000
0.19000000 -0.13000000
0.19000000 -0.12000000
0.19000000 -0.11000000
0.19000000 -0.10000000
0.19000000 -0.09000000
0.19000000 -0.08000000
0.19000000 -0.07000000
0.19000000 -0.06000000
0.19000000 -0.05000000
0.19000000 -0.04000000
0.19000000 -0.03000000
0.19000000 -0.02000000
0.19000000 -0.01000000
0.19000000 0.00000000
0.19000000 0.01000000
0.19000000 0.02000000
0.19000000 0.03000000
0.19000000 0.04000000
0.19000000 0.05000000
0.19000000 0.06000000
0.19000000 0.07000000
0.19000000 0.08000000
0.19000000 0.09000000
0.19000000 0.10000000
0.19000000 0.11000000
0.19000000 0.12000000
0.19000000 0.13000000
0.19000000 0.14000000
0.19000000 0.15000000
0.19000000 0.16000000
0.19000000 0.17000000
0.19000000 0.18000000
0.19000000 0.19000000
0.19000000 0.20000000
0.20000000 -0.19000000
0.20000000 -0.17000000
0.20000000 -0.15000000
0.20000000 -0.13000000
0.20000000 -0.11000000
0.20000000 -0.09000000
0.20000000 -0.07000000
0.20000000 -0.05000000
0.20000000 -0.03000000
0.20000000 -0.01000000
0.20000000 0.01000000
0.20000000 0.03000000
0.20000000 0.05000000
0.20000000 0.07000000
0.20000000 0.09000000
0.20000000 0.11000000
0.20000000 0.13000000
0.20000000 0.15000000
0.20000000 0.17000000
0.20000000 0.19000000
